5521751411004051
5521751412004051
5521751501004051
5521751502004051
5521751503004051
5521751504004051
5521751505004051
5521751506004051
5521751507004051
5521751508004051
5521751509004051
5521751510004051
5521751511004051
5521751512004051
5521751601004051
5521751602004051
5521751603004051
5521751604004051
5521751605004051
5521751606004051
5521751607004051
5521751608004051
5521751609004051
5521751610004051
5521751611004051
5521751612004051
4154811411000220
4154811412000220
4154811501000220
4154811502000220
4154811503000220
4154811504000220
4154811505000220
4154811506000220
4154811507000220
4154811508000220
4154811509000220
4154811510000220
4154811511000220
4154811512000220
4154811601000220
4154811602000220
4154811603000220
4154811604000220
4154811605000220
4154811606000220
4154811607000220
4154811608000220
4154811609000220
4154811610000220
4154811611000220
4154811612000220
5486741411008886
5486741412008886
5486741501008886
5486741502008886
5486741503008886
5486741504008886
5486741505008886
5486741506008886
5486741507008886
5486741508008886
5486741509008886
5486741510008886
5486741511008886
5486741512008886
5486741601008886
5486741602008886
5486741603008886
5486741604008886
5486741605008886
5486741606008886
5486741607008886
5486741608008886
5486741609008886
5486741610008886
5486741611008886
5486741612008886
5101261411002209
5101261412002209
5101261501002209
5101261502002209
5101261503002209
5101261504002209
5101261505002209
5101261506002209
5101261507002209
5101261508002209
5101261509002209
5101261510002209
5101261511002209
5101261512002209
5101261601002209
5101261602002209
5101261603002209
5101261604002209
5101261605002209
5101261606002209
5101261607002209
5101261608002209
5101261609002209
5101261610002209
5101261611002209
5101261612002209
